32:64

130.032920
69.144644
69.593755
69.736167
75.249533
70.419306
70.283544
70.706835
75.904861
70.632584
70.849358
70.607427
70.518925
75.447438
71.413609
71.775289
71.676703
77.481673
75.134451
74.323902

32:128

132.475330
70.726297
70.676984
70.585788
75.672998
71.024433
71.329177
71.321055
76.657267
71.792649
72.083773
72.069992
71.970184
76.723796
71.934580
72.766642
72.697569
78.034151
76.462026
75.828100

32:256

123.349861
69.280934
69.863594
69.760209
75.430450
70.714713
70.627213
70.563238
69.459200
69.347313
69.903543
75.283441
70.472903
70.219023
70.611961
70.821384
70.965409
70.977857
76.432336
71.061272

64:64

126.295859
67.446038
68.070119
68.791936
73.829523
68.941549
68.649313
68.627661
74.259985
69.474464
69.701824
69.611469
70.142772
74.727704
70.108560
69.893920
69.823966
75.022883
69.861051
75.659783

64:128

126.093183
68.729336
68.989554
69.268249
74.674736
69.291825
69.596239
69.880943
75.275122
70.192298
69.766283
70.060852
70.285948
75.307380
70.397454
70.923389
71.086812
76.458007
74.141451
73.899609

64:256

124.144749
68.062671
68.921403
68.793723
74.005840
69.561108
69.044377
69.402210
68.528357
68.420857
68.771490
74.368091
69.685854
69.390323
70.246722
68.730497
68.943856
68.981503
74.355330
69.693374
69.640866
69.300979

128:256

124.670703
68.955655
68.652893
69.025469
73.933291
69.331335
69.336853
69.648087
67.541094
67.895002
68.480225
73.318854
69.002023
68.985488
69.043025
67.613381
67.525199
67.605669
72.988921
68.579653

128:128

123.295129
67.013166
67.643716
68.050133
73.416068
68.546333
68.022041
69.092447
73.775425
69.294609
69.218085
69.167640
69.319767
73.991848
69.905531
69.696619
69.396561
75.035305
70.044388
75.417045

128:256

122.322069
67.564248
68.301438
68.235189
74.077716
69.200901
69.126239
69.025027
73.879791
69.415951
69.442441
69.337113
69.766644
75.068334
69.860184
70.440530
70.262214
76.324639
70.618485
76.580971

0:0

986.930643
802.167122
798.34439
798.340695
798.45149
798.043291
798.265242
797.783944
798.067707
797.529985
794.04104
792.088838
791.583394
793.10927
791.578987
792.362967
792.000366
791.542643
791.518607
792.950474

1:1

767.120303
770.69968
768.989901
768.890002
768.846206
768.221105
767.267472
766.8169
767.306661
768.657505
766.649721
764.028281
765.470589
766.992223
765.298918
767.64771
766.770522
768.681061
768.310018
768.067887